18
233.93426079854729 489.66526698946717
472.8162531169584 486.7530162128247
489.8588643499015 411.5954152641483
488.6488731044383 201.86738129301244
486.8472532930339 106.9836449867775
485.6190729659256 63.893537666830724
383.60125148950567 61.13413751693614
301.8648669752623 60.411139976562005
27.917121194961805 64.05283346146588
12.302982262806292 109.27696953742694
12.16220136327026 110.37058910942645
10.517480200808933 283.1383625671484
10.786048893220173 351.494182215259
11.837935363187349 460.0351504107023
17.647679976227888 483.73142052884634
74.85859515351896 487.68958844532546
148.87755654606002 489.515890593813
173.58951286920845 489.89125256605837
