100
250.25951490448836 349.77565697018974
257.6138685258518 388.4084844951742
164.47488947962873 76.77921463865464
106.94023501460597 122.60131289663158
177.80539050868285 223.47026135577383
50.40101973224709 425.11953591681566
71.77266224532832 185.58008538437034
276.4614717931047 448.0079626416708
99.95007315623909 228.31648380499155
20.26785333179774 215.96075909506732
172.01291908730533 151.3097169156792
45.90661005676676 77.46344023732118
123.50586020656401 189.67333092137284
442.76349972218736 338.77000286799074
106.84667142130125 367.44356410778164
464.18073462594634 393.9016281487098
353.14173330873575 151.65113249775146
233.73224172391997 307.7247629989544
72.44485250417586 241.34284118789688
128.12484839915564 120.27100531587173
293.26120383188754 413.76998411694416
70.92324026640799 450.4429488357907
243.16142709003884 183.0829904905302
198.44628600160507 275.21644190987524
78.46429378690539 315.7625727861158
97.25476391251108 374.43490711538357
51.39594700947203 312.3475831508098
220.56763730048425 126.22600611954323
379.294295612672 87.50778232408715
142.85649390341334 487.04188955988275
395.4720463176999 179.8463411582835
160.42319283325398 259.50185891040167
267.0060248931712 341.9566563222369
399.7578835408356 137.21455443947445
145.15420941553947 347.25887000410626
157.69818264127846 105.06146088265791
311.801259404395 281.37137151229126
217.35114689061518 468.3442103153714
266.5883607646096 336.3124109584632
175.8411405811708 354.6948220328491
363.96144944764495 70.1710057933808
29.47154115365832 343.78695784313163
33.843672504578194 480.49840183664907
191.41991221410078 462.68187497485934
407.9826504556384 131.93770908817987
360.8011601652222 257.2324496556042
384.2375911065513 257.4746892509916
286.42698660235135 150.5694319633537
342.6788111583004 223.10835066579173
391.3371640643078 303.41376872140467
181.8773559857871 424.3649692911298
224.13134898190484 206.94398670884135
184.92146396975255 172.2875906357297
44.59886445024111 135.2259484936949
57.88015016287814 157.1877254251209
60.86786762291297 155.942067714688
468.84698967886965 257.4292264241652
16.807330724638945 241.76343623904836
49.651935615000454 63.07240114293692
49.15358457574715 299.9309416542974
431.75632003033195 314.4080269371689
407.35687471499386 454.8954629344296
304.9867594233815 303.7980033070751
371.2979204272645 266.9794745746399
72.8124050829428 68.18253158768218
286.4627026618645 332.3493440166008
265.0418705069823 244.62918870923465
264.2285828699662 357.9875538152594
22.69998047569592 300.4374599013353
321.3928543520285 344.39328740626183
452.2227122368211 259.9139113286397
347.2036302572961 467.72288396706574
36.56837309640679 83.20289526534309
463.8439689096522 452.36029483682813
414.23871037809636 489.5075846920827
132.67032511563377 162.74853062781
76.07738318225161 340.58910053886586
314.82930937921014 467.77017837664175
252.22677626496966 381.05721612263466
237.34479475338065 307.9364506130347
278.64130200306766 75.2720337694293
431.25374769019885 63.54337473233974
392.84450515490414 431.8424908540453
127.83029856143207 435.63542200634333
400.09335700680884 302.7365063574571
26.6418513413182 372.854652526916
467.9426610250945 111.50097511738028
422.09127723744325 95.87512614303915
217.72973922709892 136.77727888021366
250.18147906979502 160.32565555012695
432.3580872216296 233.89840844175913
77.72838862649515 250.80029872905007
487.3417858557686 120.36575816432624
78.26468410662201 313.0726541641769
11.956315734555005 238.41607987282217
222.7500940195447 413.9484137259043
50.49077757811355 417.58674409506904
482.89831431010737 443.06485543843496
485.7274190670706 337.7851411350644
384.59526973125094 156.8235571271
