900
217.36648245832643 156.66148650518778
330.9780087013533 410.54661151968463
376.4103019963413 79.14269807085013
106.58995805290414 244.93176282439006
424.23782823097514 238.65997313089926
379.9620302791956 248.7935769128207
316.06018585501926 111.33883684471674
306.3254573169654 277.8089541577682
229.96857888690306 144.6353121451158
478.815362405458 98.63436639602509
252.74868751693515 88.75055030151542
28.67832407238307 253.88937382924104
294.29598285565544 122.46661014468168
376.4090511594069 365.2131787942883
433.5248929621623 107.75614030079024
154.3030180324795 435.36238637723756
425.428112708333 273.73310034586314
288.8989869599017 366.43408315498647
115.08391439475957 69.11796689944187
391.3165552568248 334.2152564120326
287.3378132402767 456.2426029873653
438.4584340190171 146.48599746977453
111.62143212428164 133.71536658511607
45.690194028547225 304.72170380929833
107.5968615826683 187.77066793874454
25.720091578050344 242.8613836813761
87.28388229824833 361.10924846822985
251.62963343619026 152.2302307961316
391.98449039582414 268.3964584661443
425.83128837894185 98.23526876831866
406.507115026868 114.56667995154149
181.90007477859177 91.87472854618441
170.73909429445496 128.3289803317186
398.4593232037371 427.1133844306637
39.76994696098616 368.6946095249807
305.4305830733775 419.7873528057303
355.3564316151956 180.98016671863098
30.900336351973756 299.30332965759646
31.404145179874217 150.92719990831085
38.897767511362034 320.24910196952203
314.7827591379109 451.04284741612935
279.2328598606968 441.4978396524437
214.39657932031957 293.5022602537907
256.85654213875955 457.3106150079237
373.11097814384055 281.6097845052943
211.08372726241953 284.5994629318774
212.74685309777692 350.18480977946297
324.77701094736176 260.496109989807
385.22027838028043 487.1420725940492
54.463939025551 472.45197891543245
65.50792897035628 416.65631991610127
61.02189846950198 259.7563379047133
392.7210179166617 208.64824280136838
52.153610331181625 336.8084731890111
123.72337522829915 76.3888184792691
383.4893842291387 455.0033345356329
41.03554129866129 123.94869765663671
462.4360096036697 167.8333691857776
382.34414259024544 188.901621600148
341.91001194892283 144.23079796521742
249.51936685161962 402.25885828496143
474.23202078676786 268.0780798960308
420.8841456006103 426.58825266028174
368.4498172833164 148.56653050582912
477.25050452475284 148.81298252659707
19.851668197555448 97.77715688649661
45.22310811331604 385.39023156669754
218.36013492032347 226.3402979953351
354.047170955654 102.76545042917533
462.4340543569231 259.0329867501061
285.1561972905119 387.4240100027716
367.99060978296336 239.52843456713373
296.72307734268213 239.59704581298757
290.84138767644015 61.473804278913946
247.8743920680215 327.5754066757775
342.6589232935394 471.2433593660865
151.84565053092263 405.21317902756203
275.82109802956575 115.55435442490918
42.025851939146825 312.2330016923695
52.417485125624204 406.2117834664584
258.01895475316616 331.886472595627
55.794924013102275 474.5408269626295
45.796788864106176 85.25029718996004
123.325274500549 260.4393294737115
134.01229223160277 166.5173851545319
401.1967480070923 200.5282814280673
355.2177723712746 173.9281436203296
238.35719810586073 92.99920817418985
85.75190840064941 371.0513770017833
55.254788091596154 104.35644837329062
239.67411593711498 241.09624779026447
55.80172591807157 132.29489217891782
51.55442672551692 85.477112655891
126.59026715550581 160.5075849861381
383.60125148950567 61.13413751693614
296.40456527634865 274.9416337402307
168.78243674402268 183.6221805991505
263.20781125110716 97.16562457745852
425.9636686193652 166.21379201091696
397.4640813974157 213.74915957880648
335.9698704630218 480.7162348911773
178.96034138307488 127.57072126288249
167.15687207477296 227.5126472702199
145.48477331074278 94.42897374535694
321.5676282935124 378.0596707203454
64.37851783839488 181.9530385823251
187.80581316862586 326.3473497997763
248.96814383570475 394.62756159551594
90.30367049058563 238.25753318853697
58.26392937423121 455.85327534798665
274.68576661840297 186.36536260019878
73.14902492481734 222.22183306187503
156.03532691892784 68.50865986193969
82.36406203063359 371.6781794164956
159.54993276749798 119.1474382443701
283.5912560624037 473.34152800797887
178.33713680686895 159.93068955370128
220.18315883398986 454.1320210257661
281.03208240512373 100.65594030415592
130.2258482881788 247.65216502363384
218.8517095776243 400.5683944875542
14.106233553024374 187.2547715608398
30.07647785957559 450.9042742182162
422.153803755706 98.55654159426922
387.73481880541317 326.91849444702143
423.58942808451246 100.86819515908155
76.11455102190958 80.68822548809055
76.32966549353513 372.8563141813386
460.62653077093546 309.6744694059339
245.01409011985538 489.52519796427663
180.0802612440342 127.25270964338206
472.8162531169584 486.7530162128247
84.30642410927824 483.0778642365039
476.625297437062 314.9454300056733
308.2769346295479 243.48572003093906
32.207035122939196 72.20350050501061
85.81641084662277 114.09225074523783
351.82504457190515 313.3335946712747
86.66251376875358 463.6068665408804
413.4229724462336 359.1791718004818
88.88915752354939 257.60221003783624
167.82445865378259 466.2461694662799
354.64976043917875 295.92908013934834
30.43797203734581 158.00565082953392
90.87842634785125 244.37260643034617
90.97588999348355 71.29707328424908
296.9585920759657 82.29295492038644
93.95785047782057 145.6864970831948
161.43469625079393 255.7370961925526
412.97270657785197 356.0765925007159
95.14830786908759 453.18157802832275
359.3167851564249 190.0700509769513
443.90790864060216 104.22865409608801
460.2192120541701 470.00026962476363
176.6667701593459 144.18162508010727
389.7155639445103 398.44814100367665
461.864031433857 219.3286312711303
311.3844868893074 278.1589715149522
382.4959329140187 128.4017837791044
433.6537491779466 234.00651254102377
61.78612701918041 443.6791411300412
402.6345497198804 217.22668933811266
173.26571741292466 357.6727450373515
102.83335666744996 204.87665750951516
170.88786973376256 280.19161725293543
372.9320588428043 73.4039427524538
435.7489610504585 71.42009401496236
185.15474070224218 475.72388989011165
239.85471470659394 99.54999052177583
349.7392961282355 298.372900739098
286.64333599259453 147.67458293093165
105.38503740047847 311.498576634242
314.1021968490324 431.0923353127312
38.93443434197118 117.43169133721324
106.50657701223814 101.67671123324044
195.1993316260224 220.3366992070515
47.32562304840556 260.9411053485008
25.486326829830332 341.8536997616942
40.95025644370445 105.71610199409724
306.0365992087952 406.8596748410446
148.87755654606002 489.515890593813
298.01615034518005 488.29759027471715
193.13629032920204 368.95187050723
214.49022526031305 253.82065113000414
383.3961985743329 226.45181653512796
24.70761888063887 125.31244712673302
37.637279350818424 93.57426979151546
378.64706937095434 455.9646412892007
28.344621786780575 197.02957861093665
269.61372132012514 244.82544698529523
101.10918504413067 339.08069859607264
342.7057486888381 152.89827173537418
115.45347757925248 328.98284282480097
116.99987733355616 393.0354848258061
469.9770632142537 273.14197260379035
134.72897389847117 98.03504191273811
472.91321307956804 411.70707665981246
363.65228568204344 343.25959746934905
49.84107749454195 194.30046285641853
225.40637769385282 162.9696054568295
40.4486769992687 447.52418575896854
231.09022194009495 92.54226949325906
257.82257525059254 378.3923117467228
114.07657286003143 271.8488455484645
408.188385820226 374.72636782216404
124.11261600488999 366.81554244497505
442.08409491886164 104.26793389874214
363.8050011432016 81.49753676154546
377.85708242755385 190.71608585576712
108.44577516874422 292.6269192826512
397.06122905181377 217.64098106751143
132.86482424013226 143.24594900465192
453.5787772781492 349.4986073697304
128.53579354974354 421.52299366755403
32.78740020524051 394.1827029355837
81.37328953681221 259.8796577446198
172.04649378876132 337.45818115673444
104.02878232794211 120.28109779591645
130.9795421467931 385.0858257060751
376.2561446012237 311.67926409245575
56.14373060989509 188.68874608475505
144.37739110916243 107.56821811427362
356.94250705337777 282.5195638360233
348.3171270086855 138.17624832556643
434.1965369855204 392.71848692597786
188.19534679177906 299.8018029724444
391.2052431163612 184.84324163586587
362.4797749668061 211.01008230188324
488.6488731044383 201.86738129301244
136.98611105252007 90.56252361580547
114.69842723249108 176.23818457091943
245.53640448522586 279.70617507337283
144.33785669263932 108.2489524672437
449.19824645931544 174.9198935652268
34.312771795204796 314.69684184394055
36.93283652891562 293.69451509196006
317.6046983397468 156.46272842572785
32.142016033953894 197.8360070735044
140.96124342143366 181.88166377997698
140.99967847368868 287.9250348627097
141.0034037025992 115.2881316254319
326.463293296867 377.0532258368738
479.5791453928141 107.6583749683851
200.52060671361056 152.5822509450092
107.65180729540381 400.20171518325026
203.52323607495242 381.0778377414132
464.5451960769698 296.59661795793363
291.8198102722752 119.16629583974412
312.1101996980117 149.63819278784422
444.68351500855846 218.5126657027534
485.7309321164779 177.44391506104952
445.3250837316837 178.74560883140686
367.84757493481555 313.50149570186056
338.6357827560349 112.29166733280616
346.1255390567135 157.05013164352923
407.38027827029816 396.41591645727783
175.538923988167 428.34099171296214
466.6443902265113 300.9602067023965
101.02417608722133 422.8358353570745
152.50739772547806 123.84342060583404
459.03081888566334 352.2857684040412
276.74300607728514 127.16113780877275
154.46670495959373 193.3697186597185
58.25885057781061 290.8669455629847
175.87288249146508 159.30127041440855
114.19654317050842 397.05768050792807
155.10652608569993 194.16208494035092
262.20689938231413 403.08071959716546
243.58412391122914 409.25045954403953
121.99361647093836 125.00920923315839
156.27980380769085 340.2168082511312
359.1587571623246 149.81448308331446
282.94902511008587 185.5216011520617
158.54052451796355 225.5195264027957
32.491722919259836 306.3463703146009
460.3011024061135 420.8881320003235
268.2439777406338 249.16092610264377
69.13173216041287 140.43933606725153
178.27202129136916 68.34171492806956
343.8426608660799 220.35876593778374
162.77490728074585 79.51549795061877
416.35941120119764 473.0020660747117
164.55899917791402 441.53603437898056
174.51482109877927 192.8326254611203
344.8036641579563 295.90212054917595
262.1722989555676 418.26384620986613
191.99999773082564 398.9584185746727
206.92934431962112 136.0247058640423
190.25177316927417 338.77923641269996
283.9874221457896 483.73313657449836
97.24819385229537 153.21008788997926
348.5498670103226 337.54085038619166
342.2344966104276 169.91323179987376
168.55594839174515 457.22746522373427
158.85926430068253 183.69813515710666
457.6399840745757 135.91788685175226
169.3920452951988 132.3177945787627
170.38721608025037 163.06011811223115
446.560874039945 334.7405674180943
84.93305793311933 267.84697389976475
321.6899503003636 75.21884514009182
416.865193404836 108.942955827658
326.421941067517 447.42771854932226
413.852459478451 353.3652931705354
173.14459310359152 439.09616173872024
284.4108627434109 389.6307154970137
173.58951286920845 489.89125256605837
218.87985819953474 228.44904700266375
250.30289138191688 255.39603333446027
290.4110847260083 76.05594887583969
150.95420481662862 349.3490156745891
249.8176016878129 487.1422677197786
176.51595836315803 106.36967499554467
198.41097924228256 250.861689064357
245.77733752160594 198.8416548173294
124.22719734888011 124.8333053591566
303.8371419929324 415.7887604027208
167.9459651909843 74.04547773761809
178.1643090505492 271.35275170898217
146.18642373893525 104.33582459595482
338.2116988371756 176.54855900397854
131.26920105440718 132.34844683857557
96.74248061585413 316.5952019120409
324.7097995236208 457.63354935417374
180.0983537945444 242.11898687799481
180.18978927558587 90.68303569761244
180.5500568415907 485.62771548564814
181.00332308255386 230.1094229501781
33.34497588467471 322.5153335525287
202.70053062122304 77.79702710420821
126.02746866512751 67.67097551554696
148.8903674533629 279.4331977929743
184.32556740057584 416.6545996740697
259.0567458052178 443.5860865126384
103.94956178893266 249.13096711812545
488.41103799039394 415.0241111272779
187.48409392161724 431.97274456214325
187.72455174347886 456.70843707731746
439.0954728286398 482.97087107988455
310.99174950453204 168.33733143310727
405.1397814841388 453.1288959670267
277.6612481051763 167.63726614819288
190.71637315583982 111.16428100368856
42.9653676327759 91.44453395714146
388.1783104621853 250.37877477456325
191.25766760634525 241.46543449859234
191.7246408368527 360.77179873374587
141.42094740640073 322.4274818938666
223.8660230416193 290.4781111049207
146.72133590856097 415.8667859523329
176.5233972971098 479.6805957791936
343.61927932932184 81.81572639613225
252.91815330917606 116.21175100665985
106.39179296761276 432.7837023711522
196.05151359442604 288.75241817871955
248.6436543691603 410.34183000704604
359.526835126451 276.2861052729263
453.10029291605974 327.5431713975326
126.55309429423225 271.4306347682834
165.22174368292815 400.7097455679505
382.3149575929043 65.5432120296216
200.26872930437887 347.4090517237097
252.20226030853976 387.77580688566525
477.7884055575334 367.7138524153347
223.8414818888529 375.67912455015306
201.86167615439368 137.80339671071272
137.29098344825826 204.06538483724714
151.04086918010626 110.79088832976504
75.18035463214684 375.238189054322
240.57729962069743 217.38407623752934
308.2246647297543 313.25030555915225
109.9355809368187 245.22091999820543
255.96777293288096 358.31501533734587
473.0800478228441 135.9670394576583
267.1783636556208 103.71484691833858
94.29973787188358 363.002023762035
372.27480378206525 138.5641369621207
210.5621913268367 407.8852233422708
382.7059571346868 76.0987647530125
221.92039968805577 372.9098188827173
235.98464716687533 89.86002295958855
97.75779673348494 136.060515346219
414.42383270783324 321.7630364864988
378.64643132371623 74.91026455024875
33.563988294705176 174.53524356314244
39.025353804970315 264.32234784634943
466.7015725735712 213.0729726042446
283.4962974740443 424.2518311854564
166.84913125899246 119.19607238446511
181.44793456287087 76.53504321956062
452.1542293327344 80.54734551556824
338.4417407096528 207.69873626325736
458.0702489594111 284.78321887340724
54.05471319246768 201.73360767852228
314.2579206222041 97.19907486614039
155.3567037874237 476.18241641278684
268.5042997418119 194.99501086898118
42.3092797806763 293.0041424773558
86.1488162770249 142.9088859977392
462.9694168518337 181.57463231713837
44.50039101699373 423.9288427009876
485.6190729659256 63.893537666830724
121.22021107788012 357.6000431916071
43.48843661072031 269.1230580440729
264.83818084965867 474.74574242157314
358.46342069140576 394.61203948904915
470.2591410469644 380.10692622304316
46.702087414130595 460.2207716876078
16.129882750134534 302.29742789287144
454.6076035154188 267.38133584821094
198.38804447182957 318.20543913380925
10.916387379426862 262.4868800292004
75.67716725938764 220.63099465676905
200.61110464024776 483.2728686132628
203.3457562609144 173.12240497091267
236.83055745889402 289.1218600970615
12.628066892826268 151.07782397791306
29.196059865026633 156.79330829050426
275.7705575157173 404.5928896830512
11.837935363187349 460.0351504107023
135.01804513180667 382.31479179932427
360.0617252018776 284.5371414875874
251.72005052863025 162.12359512249748
39.47816202841415 484.46917748055387
240.81750235359337 361.75721620105884
401.9773226530991 218.6667810758325
112.85045667256823 359.456491254736
20.240978081800343 105.71370278889208
42.23667627024103 99.55883947445193
289.40606407791404 110.66168079543225
81.26325926524645 288.10872230533914
117.2417620623747 435.20447036408535
408.326954240329 184.6599977954088
258.99324893117455 102.9319464551059
456.5170624467084 384.8174542522423
154.68717224098944 376.8598214001645
214.26426133554435 472.1170769511071
464.27837405449884 467.2395917152169
161.146704344607 191.26352004133017
250.06339183853603 109.90445339282147
27.39291860522613 274.26322144525216
156.78435832859844 324.1125676486893
339.1024289823222 222.9454736411633
204.62132674747468 117.23656414835978
114.12904320062395 366.05982107499767
380.02638828754203 458.366275461485
331.4465297491797 163.7299148461443
183.21256541706737 343.9115401404309
360.64652840179093 248.9803941496808
240.23408119554935 478.07135271351154
340.61312660025715 470.3181898549034
104.18894500665282 188.58314566312418
254.03957929304096 244.33522335956206
16.245035964147352 396.9840431595709
256.88315381227994 223.27969663983617
229.01689265743354 390.02300799974665
20.68918003852028 411.9140867445508
128.9215699770099 427.5400865229764
488.8280907600456 318.86302020175026
12.302982262806292 109.27696953742694
338.5150784143805 155.03876404232273
371.81018256561015 300.6021818516854
345.379991340425 154.5166936909618
212.97890293060127 141.15653755670317
387.287719353214 363.2185609281084
260.8668554228454 183.6859293060843
276.70493277581085 114.10084090327686
84.41384992097804 437.12735601871617
69.66491053149568 257.6351712782197
391.3770405514638 248.6861050339688
197.0493826633328 432.4418051709089
103.27664275913854 267.39958155690823
60.100696385923754 421.482709098455
263.44552447102785 69.67875285323113
76.07251004713703 213.7950792790291
21.706448188964984 97.50184023185186
261.79099078074466 440.3487285110259
49.603843953153124 349.7152004879518
264.91046808844726 352.0783178111656
266.5234855685338 335.6643611792
267.17132999099164 440.67799422604577
128.6109234447905 445.0681540320344
154.76988497592478 203.2774849232306
382.00155488092355 372.5752585152348
269.59299313447315 341.2685673376607
54.46399373224686 451.2581019850745
169.18974194686695 116.74317446428569
272.4291364604585 429.92548906188017
285.757005340803 315.6281580622999
80.43469041339588 63.65644386813278
200.62266627045202 325.0932700010556
349.43963530228234 218.73146830607195
444.11434188758733 332.04056549242017
57.129250313679606 431.0601860608063
465.6053823646306 342.23467550922004
292.43597983606145 330.43249038332414
488.3144774593782 246.09667492716835
343.90853912746775 65.10738877464509
133.4831111298576 261.0802461032947
414.581700732729 173.53455054706504
18.48545879545558 439.3365617540549
281.2559826900595 208.67860393769772
442.0033688728502 271.3944958988819
347.79510891640126 380.8748942040238
431.7167467773162 428.0589826482846
72.61841932948019 365.0717502722953
444.2312355813094 120.79907675896959
19.700796314007878 428.2314867543316
377.86762784369597 197.25921942669345
455.50840471388693 372.4664219262969
195.65279443730842 371.5689843667292
43.77470749026807 155.77747823428726
285.2165073831876 208.07938533047934
363.87041061582624 266.44679075425415
333.7979542510484 392.1664636562367
364.752318442333 319.6797189343329
294.9958274151573 468.53055130112483
12.16220136327026 110.37058910942645
75.8217710811796 102.52366917123865
264.0798760622479 66.75406357530386
400.53960323617673 182.42503586203077
289.6946458235426 343.71085289659453
91.33620357351629 114.3256815099476
190.81536363569984 345.0992242766496
259.9703318508632 379.4628227686207
326.1792571209121 86.20722081744785
291.1874921064013 144.07457869130752
291.72648062072693 225.8866994272925
137.02702980885647 418.46120388269395
192.20749863874028 312.9184251810133
382.5455782787244 352.2983633984144
446.0393549952008 156.20878087017266
293.8009216687 77.69240855755292
308.2316542941454 122.41190704795044
466.9053800574766 182.39091497811324
106.87429273040642 395.7458309605703
281.22358630859145 447.7244206868238
98.83403519700605 384.37713039391247
26.526372449271296 378.11969437083263
308.73838583304416 129.00171456883703
336.8975953531349 173.72545401309094
190.67116137413683 268.70725133547427
432.17605045957123 471.51629864213686
94.15369107930161 379.8639359327973
263.7316161831751 439.31381720300544
303.1723369121924 219.69213406111825
414.12840527790013 448.2867940322861
304.1068652483753 385.1056863892612
283.83901081152584 143.20058597229166
154.07123603289534 381.958464397488
202.21696000042675 289.0536137994445
426.78351809967114 286.6289121286627
52.412357025977144 227.83448056161592
447.35105707192344 281.98954111888173
66.54980145715201 450.8170184455942
259.20261294165005 99.40053004257473
326.7646297231208 430.13899218481464
307.9941745275292 430.4990762349426
174.20912566343918 281.3595915326815
27.917121194961805 64.05283346146588
361.00874639182086 371.8738563618889
460.7270079628547 298.5128565851619
415.22450199028464 239.64547352542348
308.95250057078283 327.9783291747074
350.0674871794928 183.88099639388415
345.07145916507693 165.87386141457017
370.8363319899575 193.2870234988606
243.83265266078166 195.60904267596084
311.9540407529593 372.30398798814986
457.28560508358413 350.25429478149454
300.8679328539027 309.8029802408539
67.15339119698737 78.77119613420362
123.30206693483328 435.5425407269054
432.7941621650369 80.88205418695031
400.731051586339 116.84654588104544
170.93153841354987 81.00784453525556
225.57647420031466 264.0301179766783
21.336451767453397 85.1092411208126
288.55125189810377 232.9845804142388
347.86877596256784 281.52383298812117
316.40114531316897 406.44352757407285
477.36283953758823 264.4496663000861
48.77713562363384 248.21518824942746
110.35077063942418 78.4483764348766
444.43311075733817 153.8912375495544
62.440748956717584 64.83889536605078
270.5841272755038 116.53268265538858
316.6698994231473 423.4692374597883
290.25467825081057 459.47627197830894
167.7069323424042 142.7640469748915
444.43497461578215 168.80671047751912
324.9885232335571 251.41568764531567
325.79120151357813 395.5300613161353
162.19096155543411 73.63095947328442
186.48674190663917 298.5357919275043
307.1998698971728 260.16481369705104
258.08873775632173 112.83295510056001
307.8509504241651 296.08513796683235
128.78016012116075 199.78970925211877
114.83754076560032 93.18828443550414
332.18485573066744 239.02025023009566
99.30235410341726 377.36120350186576
288.8799074205149 178.08307376019945
298.20903738840786 328.8716237110059
370.7417072600035 355.30246661815943
262.4888365459881 286.0020106683802
450.37689053455546 469.7548207165834
435.1394140218707 362.4149383815388
225.17451934478794 384.0931905868016
371.0144496894146 260.66007321168286
137.498619826699 416.9755498499656
102.50733677695793 300.9505087628146
218.4464412177918 208.6898086452504
366.63341896583484 467.70416823386796
409.40248586893733 359.57992386617167
66.97562525764724 320.67535874673854
408.3631780486213 250.45022889247693
34.126355567390135 217.69987872179763
456.46970681617097 191.49134376326754
32.88291505623025 214.73058163622156
120.33400465608734 226.6441804500957
105.14255216892984 142.46259140993305
233.3922773889353 166.9684234133964
336.1799171963995 149.95361253652004
64.0951261930141 395.6579027612803
191.01513178050337 216.4561535628538
233.93426079854729 489.66526698946717
278.4394929926192 261.9936849079652
344.0083001847789 218.22061296166547
380.22026290433655 329.6843974168308
165.1961012095992 164.00902580881876
259.16893527650643 398.3462963856601
388.3642801479081 187.8555802754671
347.1845199556535 306.616831003881
281.8339423724029 354.42918603179464
242.2396458043341 263.7682889459735
208.29958784697084 279.8780042631257
370.80117294171015 279.9408287492465
323.6812948056072 234.92396565919876
146.04931210207798 208.69807922279966
216.25690708340332 194.41772212269018
338.1287330867526 157.45217977361847
46.5183726640333 88.43251573892304
430.17492470545227 392.7413264544486
468.41666861127675 234.66424442772478
177.6777678408578 228.52125787122347
21.372685226998076 294.77404035098783
62.17407335555816 327.09150447044345
355.671110187097 315.81020029638836
356.5816581488808 113.35861722609724
356.7035382831281 467.76506537869614
376.36315549356254 125.1741301085431
227.779187332596 123.59238082618154
174.923016900247 268.1648108733441
96.99784803259237 138.23877793353037
198.37782272717737 471.9324653106269
422.44884593876463 460.97919930241693
247.33773254616602 141.39006255565454
462.51037935091307 410.52265009732884
161.77130648019195 415.73983891547294
362.416180368632 115.79708793572843
31.919863117047544 254.20632995087425
258.22126608599365 157.05270892797233
119.84832712515235 208.89929653676697
39.75916713825715 236.3144907338573
458.11284064631707 90.27930253278397
164.382409500952 472.87246842549183
43.94063250912968 427.03165031767423
39.42898155110502 295.89538777623363
231.50612113090122 162.345018205492
367.0392997675736 148.81850257233128
20.79756894690883 474.1017619827064
74.09726000286054 69.54004944336639
166.38999425318718 201.6298413215611
213.7699107526741 130.97512084502785
144.91815020180235 162.08011404423303
178.7156471791439 206.6487499426447
90.72002566699115 342.80025339580584
253.84634862836558 110.11586823505385
392.0769172624465 249.00119467841765
371.27825413536976 343.7996177578888
371.5137065419246 429.84610331407794
68.05302078999325 326.148356287873
123.94115359641509 209.94394718600842
306.0399872423765 353.50018388604605
372.8161089874742 395.6874998732069
261.89958630780677 257.39972740929915
341.3699310113899 84.21281757954578
258.2904173965077 423.4490748241888
375.95262024901035 448.3150440668834
231.732207765234 397.55543674664153
124.84002210801097 194.36702340392716
482.9642303173856 400.8363710244841
148.46244007322167 248.18833411014464
377.1885493217249 322.9312630037745
216.9638234121017 203.50685315806027
463.33845015663326 313.09479190448803
60.6813422299318 481.7539391178178
377.9842840454738 411.25527585434367
341.0533672639104 383.57853256394367
309.9230225864929 466.6893863101897
150.24105197065737 468.4149571606598
126.65784348721083 273.6930999974843
103.58532260718684 448.86283259305327
409.79075614178697 362.7022604999329
348.20239765839335 329.67814745046695
75.90621453456959 307.61870511064046
125.10048651377367 112.95710386371994
336.22582447574683 224.88776632712302
411.72925377823566 318.9799407609022
290.962986489666 71.54816235818834
361.3475660347712 441.38237144815116
443.87118374520253 380.1875707542103
222.6197501122624 360.4450160697352
300.80527610725267 145.99421655045194
308.1495202825548 312.6021918243657
364.97352427083825 124.287382929895
385.40233274520415 179.1384703016971
288.0683844798798 90.7255006152887
337.1575967802339 367.4528989421524
385.621288783697 415.2269480620192
292.94900919311766 479.36407473041476
71.81040324861128 223.32166064940793
220.40877568461644 232.19141323761832
381.0334473480876 99.78696492229285
172.4550260169015 298.09305575195344
389.83286796352536 73.91082312518124
456.7882443224417 313.4399106746139
341.94623206149663 99.28298415685654
476.23153714445914 104.79077042890391
66.82936783793241 474.94034420674245
256.29432537956137 144.99697950314345
203.61639313415145 270.50408698625836
486.8472532930339 106.9836449867775
393.5388538650513 171.89548392441776
26.1093028694955 116.86642488957798
418.0029824420579 116.20676301751752
26.504679236094244 94.23537638101328
184.68015666973105 116.61958317540243
38.3264236696899 276.02151443450884
292.02486757504795 219.0469005095504
275.69132532527385 199.6092527010572
436.2510330025833 162.16487133263948
401.41116010932524 358.2709629600989
463.9333187265229 354.6509301591512
131.70266434651404 284.94146537231495
37.25834831864965 305.9131676529149
318.6099115084639 110.62017867348732
466.5619320501126 332.2745303395278
405.4378052457496 483.19366296260324
193.84042959643716 465.77258248970134
164.79125413134096 187.3151078825412
435.6604849506228 348.1417247923046
407.6334810078508 83.186450355257
394.23843351400257 368.200909375879
18.089029131114902 280.24476073858693
97.45871630193145 396.86095208695104
30.063141981149393 287.4530858711572
460.7786005838634 367.8854837391098
433.26323330646636 103.67953496869427
411.17640782819996 386.61103751461815
411.2979553044314 373.0326333059155
411.45051894104637 208.34838705077152
264.057447916248 350.83452580510954
347.8676688718509 473.3226916182807
394.40506990359995 257.4702811749595
199.92813460951896 125.81993157778544
373.4867346554197 212.11685610864487
261.6841170153293 119.82535412614637
89.29021271158986 461.5367169839267
340.8870842820539 446.52184826666564
109.15589018055955 147.91613187289806
241.61293949631605 317.1378999835768
416.9296607009811 322.90379557560794
335.18030584106924 435.3192814079531
418.92154711598585 396.59351506717854
488.661900751596 240.13728917099692
420.3313107430583 337.52996105063903
40.738071280261835 395.1696688770701
147.42182099813786 227.88972370724514
119.37805311565157 211.12089661156617
435.9603209392037 242.64564248987216
304.3191675715879 114.15725108302925
202.66347468750152 178.88469012654633
193.34349865543967 259.67000892355213
424.7489817640782 251.21050263485228
140.07802286229295 279.3192528938274
324.2160523294779 81.80945686117816
20.612608894958058 457.2291152749384
155.49019178575935 199.01992055653832
427.4702739396026 161.76606094062367
429.48085970541115 213.76548440296605
310.02308191695624 132.77592473731326
237.2708157168845 205.07779555952865
36.08725399271009 344.6031489250997
432.6142715124577 381.0356160550271
312.6925691188779 309.8707457536944
433.20765735106386 395.45966994365824
363.26470039631914 180.34866881081442
103.75953034693563 454.5706274346204
310.71116095111597 124.63794441144348
135.60763444679503 302.66075617905153
254.17239757341807 228.46396493936447
237.87696346046573 74.70746791634181
177.70864826852574 71.73064542143742
240.14552774959012 357.2177185133983
408.18240074048214 241.1168565065508
10.517480200808933 283.1383625671484
225.6058653081166 118.32830455106503
309.1507220018995 138.19467267030518
284.724263235106 147.05851309548245
439.45402353366393 411.9984634392967
10.786048893220173 351.494182215259
145.77227678531546 215.34127063876002
443.30552425979965 278.5415118340282
117.72263263278103 195.38293896647525
179.29016631765177 322.7027360839099
139.80041137326236 228.2354981006679
139.9377415035431 454.1202470703692
481.50651619317404 169.82487978883614
273.2679667579959 293.7114641502869
154.70247349848307 80.15845204309714
105.64202750310217 394.5067610884614
389.0852861467114 206.20567354568695
100.46177766278538 486.3671045761301
274.75705920267035 110.29972663943582
296.5561345742331 447.9688963254686
363.8187809189452 275.17492746981054
448.58321233484514 225.6377777230712
137.98996846386305 183.5724841900733
17.647679976227888 483.73142052884634
451.53907583683974 335.2597236889375
451.99436129975254 384.8009650549631
437.26312528343664 364.53894365217246
301.8648669752623 60.411139976562005
209.30012413705325 394.6878841216176
157.18503497628143 261.96359540945036
254.9475053588388 357.0338460761758
146.62278972358078 74.45467831092341
316.3151044614177 348.10653862005734
23.866884065024898 285.9612657620191
457.15305118471315 324.45936022889236
311.24542465497797 301.33346184296533
367.5668195905751 444.88220561314733
380.7857008524371 256.5143753484899
447.6337424382657 218.11591659337503
421.350588176693 206.9827152721326
371.6907218689837 283.8891535663822
99.98815128755217 114.76038954126511
419.78809010037025 294.3351503048124
57.42085145056059 244.1527617042343
218.41584409492668 277.60793025685064
108.70232785535117 264.7052633155827
243.19854196370824 360.86286195409383
318.9148797881511 374.2586091188646
182.74473478828418 201.98171955769158
165.3196691890775 238.68646640437387
252.57030405430345 266.1521075465919
306.68670550744264 289.9254862846677
464.15494791662445 131.10749847481915
403.3878853957958 346.32906719572253
66.6662314854159 365.7617937874841
388.49246219212085 395.4406538362256
466.2822030478631 313.66198794051195
405.32960822153564 301.6243665281156
424.03135381924733 173.8456181162391
70.20364219822699 251.95708132028378
313.5591221583805 315.77405351959976
61.35102107905644 290.0658077389096
294.3953696556334 328.2150121990266
281.7953947725453 152.04832342633011
471.38335460237596 402.17679451021706
368.44613491407574 339.3006341625114
139.38224720273357 389.3877345455553
204.84705621146816 70.73977300454571
136.0679782331675 104.29038273401656
475.3211486285791 277.1772103539487
306.4396906060888 172.57096159127798
228.9516052670117 207.87205230375451
336.33028490459145 315.6739137693155
172.66802430265267 488.5865664940119
333.655709987127 396.21425977804915
220.49110102715255 73.27604627226094
478.8419934075364 155.43942601273847
325.9190167977928 197.10072342308976
444.36108474395604 128.24727337498123
482.40601444291826 361.75452915748497
217.93843358125872 486.07640182660344
381.37202321925014 180.6274891569622
132.06863082305898 318.98806035947496
486.00043531641313 158.36445188482162
486.2941847408114 329.4296070679113
74.85859515351896 487.68958844532546
487.09176185545033 304.9025922437127
400.53257586903106 123.63464902572906
436.2597036364971 339.14553774709753
199.56176286961036 176.78128910879286
377.92444782306166 276.93393102633354
405.9021201609669 316.28400881426734
489.8588643499015 411.5954152641483
